[general]
name = 0000
dwmode = 1
tcm = 4

[scaleU]
type = 0
args = 0,0,10

[scaleV]
type = 0
args = 0,0,0

[rotate]
type = 0
args = 0,0,0

[scrollU]
type = 0
args = 0.0954999998211861,0,0

[scrollV]
type = 0
args = -0.00300000002607703,0,0
