[general]
name = 0008
dwmode = 1
tcm = 4

[scaleU]
type = 1
args = 0,1,0

[scaleV]
type = 1
args = 0,1,0

[rotate]
type = 1
args = 0,0.00499999988824129,0

[scrollU]
type = 1
args = 0,0.00100000004749745,0

[scrollV]
type = 0
args = 0,1,0
