[general]
name = 0018
dwmode = 1
tcm = 4

[scaleU]
type = 0
args = 0,0,0

[scaleV]
type = 0
args = 0,0,0

[rotate]
type = 0
args = 0,0,0

[scrollU]
type = 0
args = 0.0020000000949949,0,0

[scrollV]
type = 0
args = -0.0299999993294477,0,0
