; -*- mode: conf-windows; coding: windows-1251-dos -*-

[dsh.respawn.bunker_fracture1]:dsh.respawn.default_values
xyzlg      = -55.277400970459,-21.893335342407,31.678203582764,627,2728
respawn_section = fracture_strong
max_count  = 1
min_spawn  = 1
max_spawn  = 1

[dsh.respawn.bunker_fracture2]:dsh.respawn.default_values
xyzlg      = -41.082950592041,-9.4160041809082,11.191023826599,1269,2670
respawn_section = fracture_normal
max_count  = 2
max_spawn  = 1
min_count  = 1
