; -*- mode: conf-windows; coding: windows-1251-dos -*-

[dsh.respawn.peshera_burer]:dsh.respawn.default_values
xyzlg      = -99.499847412109,-12.625116348267,64.375442504883,16274,2869
respawn_section = burer_normal
max_count  = 2
max_spawn  = 1
min_count  = 1

[dsh.respawn.peshera_snork1]:dsh.respawn.default_values
xyzlg      = -62.0344734191895,2.8213939666748,26.3796062469482,25978,2870
respawn_section = snork_strong
max_count  = 2
max_spawn  = 1
min_count  = 1

[dsh.respawn.peshera_skelet1_verh]:dsh.respawn.default_values
xyzlg      = -98.747207641602,2.4992198944092,14.007488250732,16419,2870
respawn_section = scelet_strong
max_count  = 1
min_spawn  = 1
max_spawn  = 1

[dsh.respawn.peshera_dsh_skelet2_trup]:dsh.respawn.default_values
xyzlg      = -70.263092041016,10.431458473206,-89.057586669922,24022,2880
respawn_section = scelet_strong
max_count  = 1
min_spawn  = 1
max_spawn  = 1

[dsh.respawn.peshera_skelet3_trup]:dsh.respawn.default_values
xyzlg      = -100.19220733643,8.2270774841309,-115.6420135498,15825,2880
respawn_section = scelet_strong
max_count  = 1
min_spawn  = 1
max_spawn  = 1
