; -*- mode: conf-windows; coding: windows-1251-dos -*-

[dsh.respawn.puzir_fracture]:dsh.respawn.default_values
xyzlg      = -135.39520263672,-5.1844811439514,219.70162963867,81557,2883
respawn_section = fracture_strong
max_count  = 1
min_spawn  = 1
max_spawn  = 1

[dsh.respawn.puzir_himera]:dsh.respawn.default_values
xyzlg      = -115.63168334961,-8.2520332336426,200.92924499512,96771,2883
respawn_section = chimera_normal
max_count  = 2
min_spawn  = 2
max_spawn  = 2

[dsh.respawn.puzir_zomb]:dsh.respawn.default_values
xyzlg      = 168.74192810059,14.54905796051,-183.99446105957,323661,2884
respawn_section = zombie_babka_strong
max_count  = 3
max_spawn  = 1
min_count  = 2

[dsh.respawn.puzir_psevdo]:dsh.respawn.default_values
xyzlg      = 47.211727142334,-0.0017220079898834,27.03303527832,226906,2885
respawn_section = pseudodog_strong
max_count  = 7
max_spawn  = 2
min_count  = 5
